>GAAGA	1-GAAGA	0.011697	-211.019292	0	T:10772.0(57.25%),B:14987.9(49.85%),P:1e-91	Tpos:102.5,Tstd:57.2,Bpos:99.4,Bstd:63.5,StrandBias:10.0,Multiplicity:1.94
0.001	0.001	0.997	0.001
0.997	0.001	0.001	0.001
0.537	0.131	0.001	0.331
0.001	0.001	0.997	0.001
0.997	0.001	0.001	0.001
>TCGTC	2-TCGTC	0.011697	-167.334700	0	T:10759.0(57.18%),B:15215.8(50.60%),P:1e-72	Tpos:98.0,Tstd:57.1,Bpos:100.8,Bstd:63.7,StrandBias:10.0,Multiplicity:1.94
0.001	0.001	0.001	0.997
0.001	0.997	0.001	0.001
0.014	0.001	0.968	0.017
0.001	0.001	0.001	0.997
0.001	0.997	0.001	0.001
>TTCCG	3-TTCCG	3.933684	-136.440976	0	T:6596.0(35.06%),B:8884.2(29.55%),P:1e-59	Tpos:100.3,Tstd:56.7,Bpos:100.3,Bstd:67.5,StrandBias:10.0,Multiplicity:1.34
0.001	0.001	0.001	0.997
0.125	0.001	0.212	0.662
0.001	0.909	0.089	0.001
0.001	0.852	0.146	0.001
0.001	0.001	0.997	0.001
>CTACG	4-CTACG	4.238034	-136.066145	0	T:4798.0(25.50%),B:6186.2(20.57%),P:1e-59	Tpos:103.8,Tstd:56.9,Bpos:99.9,Bstd:63.7,StrandBias:10.0,Multiplicity:1.20
0.001	0.725	0.151	0.123
0.126	0.001	0.001	0.872
0.997	0.001	0.001	0.001
0.001	0.997	0.001	0.001
0.001	0.253	0.745	0.001
>CGGAA	5-CGGAA	2.901735	-134.705928	0	T:3410.0(18.12%),B:4174.1(13.88%),P:1e-58	Tpos:100.6,Tstd:56.6,Bpos:99.9,Bstd:67.9,StrandBias:10.0,Multiplicity:1.18
0.001	0.997	0.001	0.001
0.001	0.001	0.997	0.001
0.001	0.001	0.906	0.092
0.803	0.001	0.001	0.195
0.997	0.001	0.001	0.001
>TGATG	6-TGATG	0.084228	-102.654151	0	T:11077.0(58.87%),B:16168.3(53.77%),P:1e-44	Tpos:100.4,Tstd:57.0,Bpos:100.0,Bstd:62.3,StrandBias:10.0,Multiplicity:1.60
0.001	0.016	0.001	0.982
0.001	0.001	0.997	0.001
0.931	0.067	0.001	0.001
0.001	0.001	0.001	0.997
0.001	0.001	0.997	0.001
>ACAGC	7-ACAGC	5.664187	-91.064508	0	T:6356.0(33.78%),B:8818.5(29.33%),P:1e-39	Tpos:101.0,Tstd:56.9,Bpos:100.0,Bstd:62.6,StrandBias:10.0,Multiplicity:1.23
0.997	0.001	0.001	0.001
0.001	0.997	0.001	0.001
0.713	0.001	0.285	0.001
0.001	0.001	0.997	0.001
0.001	0.997	0.001	0.001
>GCAGC	8-GCAGC	5.148096	-73.115419	0	T:7370.0(39.17%),B:10533.0(35.03%),P:1e-31	Tpos:99.9,Tstd:56.7,Bpos:99.9,Bstd:62.3,StrandBias:10.0,Multiplicity:1.48
0.100	0.100	0.700	0.100
0.100	0.700	0.100	0.100
0.700	0.100	0.100	0.100
0.100	0.100	0.700	0.100
0.100	0.700	0.100	0.100
>GGCCC	9-GGCCC	5.148096	-68.192530	0	T:7573.0(40.25%),B:10893.3(36.23%),P:1e-29	Tpos:101.1,Tstd:56.6,Bpos:99.6,Bstd:62.2,StrandBias:10.0,Multiplicity:1.50
0.100	0.100	0.700	0.100
0.100	0.100	0.700	0.100
0.100	0.700	0.100	0.100
0.100	0.700	0.100	0.100
0.100	0.700	0.100	0.100
>TTTTC	10-TTTTC	5.564657	-65.690443	0	T:5826.0(30.96%),B:8205.3(27.29%),P:1e-28	Tpos:99.6,Tstd:57.0,Bpos:100.9,Bstd:63.6,StrandBias:10.0,Multiplicity:1.35
0.001	0.001	0.001	0.997
0.001	0.001	0.001	0.997
0.001	0.001	0.258	0.740
0.001	0.001	0.001	0.997
0.001	0.997	0.001	0.001
>CGAHGA	1-CGAHGA	4.379871	-234.072472	0	T:8157.0(43.35%),B:10751.3(35.76%),P:1e-101	Tpos:103.4,Tstd:56.7,Bpos:100.1,Bstd:65.2,StrandBias:10.0,Multiplicity:1.58
0.187	0.402	0.184	0.227
0.001	0.028	0.923	0.048
0.815	0.016	0.058	0.111
0.325	0.240	0.144	0.292
0.173	0.060	0.706	0.061
0.831	0.054	0.049	0.066
>TCWTCG	2-TCWTCG	3.935722	-205.334662	0	T:10700.0(56.87%),B:14902.9(49.56%),P:1e-89	Tpos:98.8,Tstd:56.8,Bpos:101.4,Bstd:64.0,StrandBias:10.0,Multiplicity:1.91
0.040	0.069	0.059	0.832
0.008	0.711	0.041	0.240
0.309	0.159	0.142	0.390
0.171	0.034	0.051	0.744
0.014	0.938	0.037	0.011
0.174	0.230	0.386	0.209
>TACGGC	3-TACGGC	3.298292	-146.160288	0	T:10967.0(58.29%),B:15684.0(52.16%),P:1e-63	Tpos:102.2,Tstd:56.6,Bpos:100.9,Bstd:64.0,StrandBias:10.0,Multiplicity:1.70
0.181	0.047	0.093	0.679
0.567	0.032	0.298	0.103
0.009	0.875	0.042	0.074
0.087	0.151	0.551	0.211
0.186	0.136	0.550	0.128
0.044	0.780	0.068	0.108
>TTGATG	4-TTGATG	2.878253	-142.359976	0	T:7350.0(39.06%),B:10003.3(33.27%),P:1e-61	Tpos:100.4,Tstd:57.0,Bpos:100.3,Bstd:61.3,StrandBias:10.0,Multiplicity:1.23
0.155	0.317	0.001	0.527
0.011	0.102	0.004	0.883
0.001	0.009	0.989	0.001
0.967	0.001	0.031	0.001
0.001	0.189	0.001	0.809
0.030	0.001	0.968	0.001
>GTAACG	5-GTAACG	3.070579	-141.314168	0	T:7892.0(41.95%),B:10847.4(36.08%),P:1e-61	Tpos:101.1,Tstd:56.4,Bpos:100.3,Bstd:63.5,StrandBias:10.0,Multiplicity:1.27
0.124	0.103	0.490	0.283
0.023	0.192	0.096	0.689
0.691	0.048	0.083	0.178
0.691	0.171	0.074	0.064
0.103	0.726	0.038	0.133
0.087	0.094	0.718	0.101
>CGGAAG	6-CGGAAG	4.267480	-119.970836	0	T:2254.0(11.98%),B:2611.2(8.68%),P:1e-52	Tpos:101.4,Tstd:56.2,Bpos:99.9,Bstd:68.5,StrandBias:10.0,Multiplicity:1.14
0.001	0.997	0.001	0.001
0.001	0.001	0.997	0.001
0.001	0.001	0.997	0.001
0.842	0.001	0.001	0.156
0.997	0.001	0.001	0.001
0.113	0.108	0.778	0.001
>AGGACC	7-AGGACC	4.559697	-110.777053	0	T:9350.0(49.69%),B:13342.0(44.37%),P:1e-48	Tpos:102.0,Tstd:56.6,Bpos:100.0,Bstd:59.5,StrandBias:10.0,Multiplicity:1.45
0.843	0.001	0.001	0.155
0.001	0.001	0.979	0.019
0.081	0.069	0.790	0.060
0.580	0.302	0.117	0.001
0.039	0.959	0.001	0.001
0.044	0.847	0.027	0.082
>TTCCGG	8-TTCCGG	4.774072	-95.692828	0	T:2193.0(11.66%),B:2625.8(8.73%),P:1e-41	Tpos:99.2,Tstd:57.1,Bpos:101.2,Bstd:67.9,StrandBias:10.0,Multiplicity:1.08
0.167	0.001	0.001	0.831
0.001	0.001	0.001	0.997
0.050	0.948	0.001	0.001
0.001	0.997	0.001	0.001
0.001	0.001	0.997	0.001
0.126	0.171	0.702	0.001
>GCAGCA	9-GCAGCA	4.321707	-91.484563	0	T:4947.0(26.29%),B:6672.8(22.19%),P:1e-39	Tpos:99.8,Tstd:57.1,Bpos:99.6,Bstd:60.0,StrandBias:10.0,Multiplicity:1.25
0.173	0.001	0.825	0.001
0.001	0.917	0.001	0.081
0.997	0.001	0.001	0.001
0.001	0.001	0.911	0.087
0.001	0.870	0.001	0.128
0.997	0.001	0.001	0.001
>GGAAAA	10-GGAAAA	5.538848	-16.435841	0	T:1845.0(9.81%),B:2617.1(8.70%),P:1e-7	Tpos:98.6,Tstd:56.5,Bpos:100.7,Bstd:60.4,StrandBias:10.0,Multiplicity:1.12
0.001	0.001	0.926	0.072
0.001	0.001	0.925	0.073
0.928	0.001	0.001	0.070
0.997	0.001	0.001	0.001
0.996	0.002	0.001	0.001
0.997	0.001	0.001	0.001
>GAAGAAG	1-GAAGAAG	3.376663	-199.489221	0	T:10465.0(55.62%),B:14557.7(48.42%),P:1e-86	Tpos:102.1,Tstd:56.8,Bpos:99.5,Bstd:62.4,StrandBias:10.0,Multiplicity:1.96
0.001	0.032	0.966	0.001
0.905	0.001	0.079	0.015
0.849	0.036	0.048	0.067
0.059	0.039	0.901	0.001
0.960	0.001	0.001	0.038
0.776	0.018	0.077	0.129
0.106	0.058	0.835	0.001
>WCGACGA	2-WCGACGA	4.666888	-186.797480	0	T:3883.0(20.64%),B:4628.3(15.39%),P:1e-81	Tpos:102.2,Tstd:56.4,Bpos:100.4,Bstd:67.4,StrandBias:10.0,Multiplicity:1.12
0.524	0.001	0.001	0.474
0.169	0.661	0.118	0.052
0.102	0.001	0.723	0.174
0.997	0.001	0.001	0.001
0.297	0.645	0.057	0.001
0.001	0.001	0.918	0.080
0.640	0.113	0.001	0.246
>TCTTCTT	3-TCTTCTT	4.574799	-168.287080	0	T:6912.0(36.74%),B:9183.9(30.54%),P:1e-73	Tpos:98.2,Tstd:56.3,Bpos:100.4,Bstd:64.4,StrandBias:10.0,Multiplicity:1.75
0.026	0.068	0.093	0.813
0.007	0.810	0.047	0.136
0.200	0.177	0.103	0.520
0.047	0.042	0.054	0.857
0.025	0.860	0.077	0.038
0.180	0.233	0.103	0.484
0.131	0.125	0.086	0.658
>RCCGTTG	4-RCCGTTG	4.013505	-147.092530	0	T:8435.0(44.83%),B:11656.8(38.77%),P:1e-63	Tpos:100.3,Tstd:55.9,Bpos:98.5,Bstd:64.4,StrandBias:10.0,Multiplicity:1.51
0.391	0.001	0.376	0.231
0.078	0.801	0.001	0.120
0.202	0.573	0.110	0.115
0.065	0.001	0.814	0.120
0.001	0.317	0.042	0.640
0.122	0.233	0.001	0.644
0.324	0.024	0.590	0.062
>TCATCAG	5-TCATCAG	3.895834	-146.062532	0	T:8707.0(46.28%),B:12088.8(40.20%),P:1e-63	Tpos:99.7,Tstd:56.6,Bpos:100.8,Bstd:59.2,StrandBias:10.0,Multiplicity:1.34
0.120	0.217	0.075	0.588
0.035	0.778	0.086	0.101
0.717	0.112	0.065	0.106
0.107	0.110	0.105	0.678
0.043	0.877	0.041	0.039
0.654	0.129	0.188	0.029
0.129	0.093	0.711	0.067
>WWTWCCG	6-WWTWCCG	2.770481	-145.106374	0	T:2873.0(15.27%),B:3372.7(11.22%),P:1e-63	Tpos:100.1,Tstd:56.0,Bpos:101.1,Bstd:66.6,StrandBias:10.0,Multiplicity:1.11
0.545	0.001	0.008	0.446
0.562	0.009	0.016	0.413
0.016	0.001	0.134	0.849
0.558	0.001	0.001	0.440
0.001	0.708	0.290	0.001
0.001	0.997	0.001	0.001
0.001	0.001	0.997	0.001
>WGCAGCW	7-WGCAGCW	5.483096	-143.502402	0	T:7173.0(38.12%),B:9724.0(32.34%),P:1e-62	Tpos:101.1,Tstd:56.8,Bpos:99.8,Bstd:59.9,StrandBias:10.0,Multiplicity:1.47
0.512	0.001	0.001	0.486
0.001	0.001	0.997	0.001
0.001	0.742	0.256	0.001
0.635	0.001	0.138	0.226
0.241	0.001	0.624	0.134
0.001	0.997	0.001	0.001
0.485	0.001	0.057	0.457
>CGGAAGT	8-CGGAAGT	6.512064	-126.745404	0	T:792.0(4.21%),B:691.9(2.30%),P:1e-55	Tpos:100.6,Tstd:55.0,Bpos:99.8,Bstd:69.6,StrandBias:10.0,Multiplicity:1.08
0.001	0.997	0.001	0.001
0.001	0.001	0.997	0.001
0.001	0.001	0.997	0.001
0.935	0.001	0.001	0.063
0.909	0.001	0.001	0.089
0.085	0.001	0.913	0.001
0.001	0.205	0.001	0.793
>CBBTACG	9-CBBTACG	3.987869	-112.410223	0	T:4772.0(25.36%),B:6279.5(20.88%),P:1e-48	Tpos:102.3,Tstd:55.7,Bpos:100.2,Bstd:65.2,StrandBias:10.0,Multiplicity:1.18
0.351	0.559	0.089	0.001
0.001	0.286	0.400	0.313
0.018	0.356	0.300	0.326
0.315	0.017	0.118	0.550
0.971	0.001	0.001	0.027
0.174	0.806	0.001	0.019
0.111	0.202	0.625	0.062
>YGRCGGA	10-YGRCGGA	5.636880	-105.960401	0	T:3434.0(18.25%),B:4347.4(14.46%),P:1e-46	Tpos:101.5,Tstd:56.4,Bpos:99.6,Bstd:68.7,StrandBias:10.0,Multiplicity:1.60
0.001	0.493	0.001	0.505
0.001	0.001	0.997	0.001
0.437	0.001	0.561	0.001
0.001	0.997	0.001	0.001
0.001	0.413	0.585	0.001
0.001	0.001	0.747	0.251
0.815	0.183	0.001	0.001
>TCGTCATC	1-TCGTCATC	5.260362	-218.109923	0	T:3831.0(20.36%),B:4437.5(14.76%),P:1e-94	Tpos:96.8,Tstd:56.7,Bpos:100.1,Bstd:62.3,StrandBias:10.0,Multiplicity:1.21
0.213	0.001	0.001	0.785
0.001	0.764	0.154	0.081
0.201	0.117	0.469	0.214
0.001	0.001	0.001	0.997
0.144	0.854	0.001	0.001
0.643	0.117	0.003	0.237
0.097	0.001	0.136	0.766
0.032	0.832	0.001	0.135
>WRCYGMHG	2-WRCYGMHG	3.806772	-209.297446	0	T:10163.0(54.02%),B:14021.3(46.63%),P:1e-90	Tpos:101.9,Tstd:55.7,Bpos:100.6,Bstd:63.4,StrandBias:10.0,Multiplicity:1.57
0.365	0.158	0.040	0.437
0.269	0.094	0.416	0.221
0.066	0.462	0.247	0.225
0.217	0.387	0.108	0.288
0.001	0.001	0.993	0.005
0.234	0.363	0.205	0.198
0.274	0.302	0.060	0.365
0.093	0.206	0.689	0.012
>CATCAACG	3-CATCAACG	3.728231	-193.471629	0	T:7682.0(40.83%),B:10225.6(34.01%),P:1e-84	Tpos:102.5,Tstd:56.6,Bpos:101.7,Bstd:62.6,StrandBias:10.0,Multiplicity:1.28
0.014	0.688	0.118	0.180
0.605	0.053	0.190	0.152
0.197	0.183	0.152	0.468
0.096	0.630	0.112	0.162
0.640	0.011	0.135	0.214
0.476	0.204	0.175	0.145
0.041	0.862	0.021	0.076
0.258	0.003	0.634	0.105
>GAAGAAGA	4-GAAGAAGA	4.251333	-191.217597	0	T:7686.0(40.85%),B:10243.1(34.07%),P:1e-83	Tpos:104.1,Tstd:56.3,Bpos:100.0,Bstd:63.6,StrandBias:10.0,Multiplicity:1.46
0.070	0.069	0.802	0.059
0.831	0.058	0.039	0.072
0.615	0.101	0.119	0.165
0.092	0.062	0.817	0.029
0.861	0.040	0.024	0.075
0.565	0.083	0.119	0.233
0.110	0.064	0.773	0.053
0.740	0.100	0.082	0.078
>CGGWARYD	5-CGGWARYD	4.916486	-157.977065	0	T:2537.0(13.48%),B:2861.9(9.52%),P:1e-68	Tpos:102.0,Tstd:56.1,Bpos:100.7,Bstd:66.4,StrandBias:10.0,Multiplicity:1.13
0.001	0.877	0.001	0.121
0.001	0.011	0.963	0.025
0.025	0.054	0.832	0.089
0.372	0.209	0.001	0.419
0.679	0.001	0.001	0.319
0.392	0.055	0.370	0.183
0.033	0.387	0.062	0.518
0.305	0.109	0.287	0.299
>TGGAGGAG	6-TGGAGGAG	5.590546	-129.652521	0	T:3899.0(20.72%),B:4902.8(16.31%),P:1e-56	Tpos:102.8,Tstd:56.3,Bpos:101.4,Bstd:60.0,StrandBias:10.0,Multiplicity:1.13
0.083	0.029	0.072	0.816
0.001	0.001	0.997	0.001
0.001	0.001	0.997	0.001
0.911	0.087	0.001	0.001
0.001	0.085	0.757	0.157
0.175	0.001	0.823	0.001
0.912	0.001	0.043	0.044
0.025	0.001	0.973	0.001
>TTTTCCTC	7-TTTTCCTC	5.811630	-127.311027	0	T:3650.0(19.40%),B:4553.7(15.14%),P:1e-55	Tpos:101.5,Tstd:56.3,Bpos:99.8,Bstd:64.2,StrandBias:10.0,Multiplicity:1.21
0.052	0.001	0.001	0.946
0.001	0.001	0.131	0.867
0.001	0.271	0.058	0.670
0.088	0.001	0.126	0.785
0.001	0.521	0.109	0.369
0.001	0.591	0.082	0.326
0.054	0.205	0.148	0.593
0.001	0.765	0.090	0.144
>CGAGAAGA	8-CGAGAAGA	4.934071	-127.132209	0	T:2936.0(15.60%),B:3534.7(11.76%),P:1e-55	Tpos:102.5,Tstd:56.7,Bpos:101.5,Bstd:66.1,StrandBias:10.0,Multiplicity:1.07
0.079	0.832	0.053	0.036
0.031	0.077	0.781	0.111
0.712	0.110	0.055	0.123
0.092	0.139	0.706	0.063
0.712	0.058	0.132	0.098
0.791	0.071	0.062	0.076
0.067	0.068	0.816	0.049
0.652	0.090	0.111	0.147
>CGTTACGT	9-CGTTACGT	4.750933	-106.455239	0	T:935.0(4.97%),B:907.2(3.02%),P:1e-46	Tpos:101.4,Tstd:55.5,Bpos:99.4,Bstd:70.2,StrandBias:10.0,Multiplicity:1.06
0.066	0.768	0.066	0.100
0.055	0.091	0.741	0.113
0.056	0.119	0.081	0.744
0.059	0.077	0.114	0.750
0.766	0.064	0.055	0.115
0.080	0.758	0.090	0.072
0.045	0.070	0.807	0.078
0.142	0.111	0.081	0.666
>ACTTCCGG	10-ACTTCCGG	7.866967	-75.823408	0	T:326.0(1.73%),B:247.5(0.82%),P:1e-32	Tpos:101.2,Tstd:55.7,Bpos:98.8,Bstd:69.8,StrandBias:10.0,Multiplicity:1.05
0.997	0.001	0.001	0.001
0.001	0.770	0.001	0.228
0.001	0.001	0.001	0.997
0.001	0.001	0.077	0.921
0.001	0.997	0.001	0.001
0.001	0.997	0.001	0.001
0.001	0.001	0.997	0.001
0.057	0.200	0.742	0.001
>TCNTCNTCD	1-TCNTCNTCD	5.092647	-228.895249	0	T:4361.0(23.18%),B:5144.1(17.11%),P:1e-99	Tpos:96.4,Tstd:56.5,Bpos:101.3,Bstd:64.1,StrandBias:10.0,Multiplicity:1.24
0.085	0.058	0.069	0.788
0.045	0.745	0.074	0.136
0.209	0.210	0.282	0.299
0.066	0.047	0.001	0.886
0.001	0.918	0.001	0.080
0.242	0.243	0.206	0.309
0.095	0.054	0.113	0.738
0.027	0.837	0.024	0.112
0.331	0.145	0.237	0.287
>TGAAGAAGA	2-TGAAGAAGA	4.215785	-209.793284	0	T:5908.0(31.40%),B:7468.4(24.84%),P:1e-91	Tpos:104.2,Tstd:56.1,Bpos:99.7,Bstd:62.4,StrandBias:10.0,Multiplicity:1.32
0.193	0.171	0.189	0.448
0.039	0.102	0.717	0.142
0.521	0.181	0.190	0.108
0.477	0.146	0.169	0.208
0.159	0.155	0.672	0.014
0.641	0.048	0.185	0.126
0.461	0.147	0.171	0.221
0.179	0.174	0.564	0.083
0.479	0.153	0.197	0.171
>CATCATCGA	3-CATCATCGA	4.583347	-180.761002	0	T:4036.0(21.45%),B:4870.9(16.20%),P:1e-78	Tpos:101.9,Tstd:56.1,Bpos:99.5,Bstd:61.3,StrandBias:10.0,Multiplicity:1.13
0.090	0.622	0.175	0.113
0.515	0.102	0.220	0.163
0.233	0.066	0.180	0.521
0.001	0.997	0.001	0.001
0.795	0.069	0.011	0.125
0.226	0.181	0.035	0.558
0.077	0.660	0.109	0.154
0.238	0.084	0.677	0.001
0.781	0.095	0.027	0.097
>AGCDGCAGC	4-AGCDGCAGC	3.951057	-171.648403	0	T:10130.0(53.84%),B:14181.8(47.17%),P:1e-74	Tpos:101.2,Tstd:55.8,Bpos:100.2,Bstd:63.0,StrandBias:10.0,Multiplicity:1.64
0.620	0.001	0.292	0.087
0.131	0.122	0.679	0.068
0.001	0.800	0.037	0.162
0.354	0.060	0.288	0.298
0.337	0.016	0.646	0.001
0.001	0.997	0.001	0.001
0.475	0.001	0.252	0.272
0.288	0.091	0.620	0.001
0.001	0.997	0.001	0.001
>ACGAGCAGG	5-ACGAGCAGG	5.226808	-165.589983	0	T:6726.0(35.75%),B:8915.6(29.65%),P:1e-71	Tpos:100.1,Tstd:56.3,Bpos:100.2,Bstd:60.4,StrandBias:10.0,Multiplicity:1.21
0.564	0.001	0.085	0.350
0.001	0.671	0.233	0.095
0.160	0.218	0.515	0.107
0.780	0.001	0.001	0.218
0.001	0.390	0.608	0.001
0.200	0.565	0.234	0.001
0.499	0.186	0.055	0.260
0.001	0.001	0.997	0.001
0.127	0.308	0.510	0.055
>GTTGCTGCT	6-GTTGCTGCT	3.701371	-160.968760	0	T:8754.0(46.53%),B:12070.0(40.14%),P:1e-69	Tpos:99.7,Tstd:56.1,Bpos:99.5,Bstd:61.3,StrandBias:10.0,Multiplicity:1.29
0.064	0.168	0.581	0.187
0.131	0.180	0.198	0.490
0.147	0.149	0.124	0.580
0.146	0.056	0.684	0.114
0.136	0.477	0.185	0.202
0.112	0.208	0.143	0.537
0.117	0.174	0.603	0.106
0.194	0.433	0.156	0.217
0.085	0.197	0.104	0.614
>GTACCGGAA	7-GTACCGGAA	3.670832	-126.672420	0	T:7479.0(39.75%),B:10301.7(34.26%),P:1e-55	Tpos:101.8,Tstd:55.6,Bpos:99.1,Bstd:63.3,StrandBias:10.0,Multiplicity:1.27
0.091	0.134	0.644	0.131
0.131	0.127	0.103	0.639
0.598	0.128	0.122	0.152
0.098	0.697	0.116	0.089
0.103	0.679	0.101	0.117
0.114	0.092	0.696	0.098
0.105	0.112	0.679	0.104
0.690	0.099	0.103	0.108
0.679	0.105	0.118	0.098
>TGACGTGTC	8-TGACGTGTC	4.989756	-73.704064	0	T:2704.0(14.37%),B:3463.5(11.52%),P:1e-32	Tpos:99.8,Tstd:55.7,Bpos:100.2,Bstd:62.3,StrandBias:10.0,Multiplicity:1.08
0.080	0.056	0.083	0.781
0.046	0.104	0.811	0.039
0.814	0.061	0.056	0.069
0.062	0.736	0.124	0.078
0.031	0.130	0.788	0.051
0.084	0.062	0.071	0.783
0.045	0.053	0.855	0.047
0.150	0.086	0.097	0.667
0.077	0.765	0.089	0.069
>GGGACCAAA	9-GGGACCAAA	9.266574	-33.951913	0	T:21.0(0.11%),B:3.6(0.01%),P:1e-14	Tpos:91.6,Tstd:54.4,Bpos:88.8,Bstd:27.3,StrandBias:10.0,Multiplicity:1.00
0.100	0.100	0.700	0.100
0.100	0.100	0.700	0.100
0.100	0.100	0.700	0.100
0.700	0.100	0.100	0.100
0.100	0.700	0.100	0.100
0.100	0.700	0.100	0.100
0.700	0.100	0.100	0.100
0.700	0.100	0.100	0.100
0.700	0.100	0.100	0.100
>ACWWCCGGT	10-ACWWCCGGT	11.061935	-32.659945	0	T:29.0(0.15%),B:7.5(0.02%),P:1e-14	Tpos:105.4,Tstd:56.6,Bpos:157.0,Bstd:0.0,StrandBias:10.0,Multiplicity:1.05
0.997	0.001	0.001	0.001
0.001	0.997	0.001	0.001
0.434	0.001	0.001	0.564
0.440	0.001	0.001	0.558
0.001	0.997	0.001	0.001
0.001	0.997	0.001	0.001
0.001	0.001	0.997	0.001
0.001	0.001	0.997	0.001
0.001	0.001	0.001	0.997
